20cmx14cmx7cm

V=0.00196m²
F=0.0318416m²